"Date","Facebook","Pinterest","Twitter","StumbleUpon","YouTube","Tumblr","reddit","Instagram","VKontakte","Google+","LinkedIn","Fark","Digg","NowPublic","news.ycombinator.com","Odnoklassniki","Other"
2011-01,64.54,0,5.51,17.15,7.72,0,2.89,0,0,0,0.23,0.19,0.48,0.38,0.07,0,0.83
2011-02,62.23,0,5.93,19.54,7.59,0,2.64,0,0,0,0.25,0.24,0.48,0.29,0.07,0,0.74
2011-03,71.36,0,4.32,15.71,5.04,0,2.13,0,0,0,0.18,0.13,0.34,0.24,0.05,0,0.51
2011-04,77.19,0,2.78,13.73,3.83,0,1.23,0,0.14,0,0.13,0.09,0.31,0.15,0.04,0,0.38
2011-05,69.47,0,3.64,18.17,5.12,0,1.87,0,0.24,0,0.21,0.08,0.32,0.22,0.05,0,0.61
2011-06,66.95,0,3.99,19.57,5.72,0,2.06,0,0.21,0,0.28,0.1,0.4,0.2,0.07,0.01,0.44
2011-07,62.29,0,4.03,23.52,5.9,0,2.33,0,0.2,0.28,0.32,0.19,0.26,0.19,0.06,0.01,0.42
2011-08,60.36,0,3.2,27.09,5.48,0,2.16,0,0.18,0.18,0.27,0.1,0.34,0.2,0.06,0.02,0.36
2011-09,60.61,0,5.02,25.34,4.85,0,2.7,0,0.15,0.11,0.24,0.12,0.23,0.24,0.04,0.01,0.33
2011-10,60.01,0,4.98,26.07,4.65,0,2.88,0,0.18,0.07,0.25,0.12,0.27,0.16,0.07,0.02,0.27
2011-11,62.79,0,5.38,24.71,3.35,0,2.44,0,0.21,0.08,0.21,0.08,0.28,0.14,0.05,0.02,0.26
2011-12,67.39,0,5.42,18.26,4.57,0,2.91,0,0.29,0.01,0.22,0.09,0.26,0.21,0.08,0.05,0.24
2012-01,70.21,0,6.04,14.72,4.4,0,3.23,0,0.26,0,0.3,0.12,0.24,0.13,0.06,0.03,0.26
2012-02,69.58,0,6.04,13.91,5.39,0,3.6,0,0.26,0,0.37,0.12,0.19,0.14,0.08,0.03,0.3
2012-03,67.43,2.56,5.33,9.42,10.97,0,2.84,0,0.26,0.01,0.34,0.09,0.23,0.12,0.06,0.04,0.3
2012-04,68.25,4.54,5.65,8.87,8.94,0,2.2,0,0.39,0,0.33,0.07,0.22,0.16,0.06,0.04,0.28
2012-05,66.81,4.74,6.03,8.37,9.2,0,3.13,0,0.59,0,0.34,0.08,0.16,0.19,0.05,0.06,0.24
2012-06,63.45,6.33,6.64,7.91,11.04,0,3.03,0,0.46,0,0.33,0.11,0.11,0.21,0.07,0.06,0.25
2012-07,63.12,7.91,7.25,8.31,8.81,0,3.09,0,0.34,0,0.3,0.11,0.18,0.25,0.07,0.05,0.21
2012-08,63.46,9.49,6.78,7.87,7.94,0,3.12,0,0.4,0,0.28,0.09,0.04,0.22,0.09,0.03,0.18
2012-09,60.72,12.43,6.62,7.46,7.61,0,3.86,0,0.34,0,0.31,0.11,0.04,0.25,0.05,0.03,0.17
2012-10,60.27,13.3,7.31,6.98,6.99,0,3.97,0,0.29,0,0.27,0.11,0.05,0.18,0.06,0.03,0.18
2012-11,63.43,13.48,7.17,6.13,4.96,0,3.69,0,0.27,0,0.26,0.14,0.04,0.15,0.07,0.03,0.19
2012-12,66.24,12.36,8.02,5.82,3.54,0,3.01,0,0.31,0,0.22,0.09,0.03,0.12,0.07,0.04,0.14
2013-01,63.64,14.54,8.83,5.49,3.62,0,2.85,0,0.3,0,0.24,0.1,0.03,0.12,0.07,0.05,0.12
2013-02,63.3,14.71,9.35,4.94,3.59,0,2.73,0,0.5,0.22,0.24,0.07,0.02,0.1,0.06,0.1,0.09
2013-03,63.08,13.95,10.25,4.52,4.2,0,2.8,0,0.29,0.27,0.22,0.08,0.02,0.09,0.02,0.13,0.09
2013-04,66.73,11.6,9.84,4.99,2.86,0,2.82,0,0.24,0.29,0.22,0.11,0.05,0.09,0,0.08,0.09
2013-05,67.03,10.26,10.07,4.94,3.3,0,3.27,0,0.21,0.24,0.22,0.1,0.02,0.1,0,0.15,0.09
2013-06,68.92,10.03,9.47,4.19,3.52,0,2.78,0,0.25,0.24,0.19,0.09,0.03,0.14,0,0.08,0.07
2013-07,67.56,11.13,10.3,4.34,3.07,0,2.54,0,0.2,0.25,0.21,0.08,0.04,0.16,0,0.05,0.07
2013-08,66.58,10.64,11.87,4.38,2.99,0,2.55,0,0.19,0.24,0.23,0.08,0.07,0.06,0,0.04,0.07
2013-09,66.39,10.45,12.47,3.84,3.31,0,2.68,0,0.17,0.23,0.19,0.07,0.03,0.05,0,0.05,0.08
2013-10,67.79,9.29,11.49,3.74,2.38,1.38,2.26,0,0.88,0.23,0.17,0.07,0.05,0.07,0,0.13,0.07
2013-11,68.86,8.2,6.83,3.12,1.82,8.52,1.58,0,0.49,0.19,0.11,0.07,0.03,0,0,0.14,0.05
2013-12,64.64,9.56,7.31,3.19,2.09,10.25,1.78,0,0.53,0.2,0.13,0.06,0.04,0,0,0.17,0.05
2014-01,65.34,10.86,6.58,2.88,1.93,9.49,1.91,0,0.4,0.21,0.14,0.04,0.04,0,0,0.14,0.05
2014-02,66.19,10.61,6.58,2.7,1.89,8.78,2.43,0,0.27,0.21,0.13,0.04,0.03,0,0,0.11,0.04
2014-03,65.58,10.92,7.17,2.48,1.54,9.55,1.94,0,0.25,0.22,0.12,0.05,0.04,0,0,0.1,0.04
2014-04,65.81,11.07,7.33,2.6,1.36,9.37,1.69,0,0.25,0.22,0.13,0.04,0.03,0,0,0.06,0.04
2014-05,69.66,9.85,6.68,2.5,1.26,7.65,1.77,0,0.2,0.21,0.09,0.03,0.03,0,0,0.05,0.03
2014-06,71.47,9.05,7.56,2.08,1.24,6.47,1.59,0,0.14,0.21,0.04,0.03,0.02,0,0,0.03,0.05
2014-07,72.84,9.58,8,1.8,1.17,4.35,1.66,0,0.16,0.23,0.07,0.04,0.02,0,0.02,0.03,0.03
2014-08,74.18,9.45,8.21,1.83,0.56,3.12,2.05,0,0.16,0.24,0.07,0.03,0.02,0,0.01,0.03,0.04
2014-09,77.05,8.45,6.85,1.36,0.62,2.48,2.69,0,0.13,0.2,0.07,0.02,0.01,0,0.02,0.02,0.02
2014-10,79.95,8.07,6.19,1.07,0.69,2.21,1.35,0,0.13,0.18,0.07,0.02,0.02,0,0.01,0.02,0.02
2014-11,79.97,8.2,6.12,1.03,0.96,2.01,1.26,0,0.12,0.19,0.06,0.01,0.01,0,0.01,0.03,0.02
2014-12,81.04,8.28,5.61,1,0.22,2.07,1.29,0,0.16,0.22,0.05,0.01,0.01,0,0.01,0.01,0.02
2015-01,79.55,8.68,6.54,1.14,0.15,2.11,1.24,0,0.21,0.26,0.05,0.02,0.02,0,0.02,0,0.02
2015-02,79.95,7.45,6.91,1.35,0.09,2.17,1.43,0,0.15,0.33,0.09,0.03,0.02,0,0.02,0,0.01
2015-03,82.25,6.48,5.83,0.89,0.08,2.48,1.46,0,0.12,0.34,0.04,0.02,0.01,0,0.01,0,0.01
2015-04,84.32,5.53,6.01,0.87,0.06,1.72,1.03,0,0.12,0.25,0.04,0.02,0.01,0,0.02,0,0
2015-05,86.05,5.25,4.87,0.73,0.06,1.61,1.05,0,0.08,0.23,0.04,0.01,0.01,0,0.02,0,0
2015-06,86.26,5.41,4.57,0.75,0.07,1.63,0.94,0,0.07,0.23,0.04,0.02,0.01,0,0.01,0,0
2015-07,85.86,5.73,4.42,0.72,0.09,1.7,1.07,0,0.09,0.23,0.04,0.01,0.01,0,0.02,0,0.01
2015-08,84.22,6.44,4.9,0.79,0.14,1.84,1.14,0,0.11,0.32,0.07,0.01,0.01,0,0.01,0,0.01
2015-09,84.13,6.38,4.79,0.81,0.14,1.81,1.35,0,0.12,0.35,0.09,0.01,0.01,0,0.01,0,0.01
2015-10,83,7.15,4.9,0.75,0.12,2.14,1.35,0,0.12,0.32,0.09,0.01,0.01,0,0.01,0,0.04
2015-11,82.61,7.47,4.97,0.69,0.17,2.25,1.33,0,0.13,0.3,0.06,0.01,0,0,0.01,0,0.01
2015-12,82.95,7.44,5.12,0.66,0.23,1.83,1.22,0,0.15,0.31,0.06,0.01,0.01,0,0.02,0,0.01
2016-01,85.24,6.75,4.21,0.57,0.26,1.54,0.91,0,0.14,0.28,0.07,0.01,0.01,0,0.01,0,0.01
2016-02,85.04,6.6,4.8,0.55,0.19,1.48,0.85,0,0.16,0.2,0.1,0.02,0,0,0.01,0,0
2016-03,86.82,4.64,4.73,0.54,0.22,1.63,0.92,0,0.16,0.17,0.13,0.03,0.01,0,0.01,0,0
2016-04,87.12,4.13,4.93,0.46,0.27,1.61,0.96,0,0.15,0.18,0.12,0.02,0.01,0,0.02,0,0
2016-05,86.1,6.03,4.39,0.45,0.19,1.56,0.83,0,0.13,0.17,0.1,0.02,0,0,0.01,0,0
2016-06,87.04,5.56,4.17,0.38,0.2,1.51,0.74,0,0.1,0.14,0.11,0.03,0,0,0.01,0,0
2016-07,85.8,6.23,4.58,0.46,0.16,1.6,0.66,0,0.1,0.12,0.21,0.06,0.01,0,0.01,0,0
2016-08,85.23,6.53,4.76,0.42,0.21,1.57,0.61,0,0.33,0.12,0.13,0.07,0.01,0,0.01,0,0
2016-09,85.89,6.8,4.23,0.39,0.14,1.4,0.62,0,0.21,0.13,0.13,0.05,0.01,0,0.01,0,0
2016-10,86.9,6.42,3.2,0.3,0.59,1.1,0.52,0.07,0.61,0.09,0.1,0.07,0,0,0.01,0,0
2016-11,86.54,6.45,3.48,0.32,0.49,1.09,0.48,0.38,0.44,0.09,0.16,0.06,0,0,0.01,0,0
2016-12,85.98,7.23,3.64,0.32,0.15,1.25,0.44,0.51,0.14,0.09,0.19,0.04,0,0,0.01,0,0.01
2017-01,85.9,7.37,3.63,0.29,0.14,1.28,0.47,0.48,0.14,0.11,0.14,0.03,0,0,0.01,0,0.01
2017-02,86.47,7.11,3.46,0.27,0.11,1.27,0.41,0.43,0.11,0.18,0.11,0.03,0,0,0.01,0,0.01
2017-03,87.15,6.53,3.65,0.25,0.09,0.97,0.41,0.46,0.13,0.18,0.12,0.04,0,0,0.01,0,0.01
2017-04,86.02,7.07,4.08,0.26,0.26,0.92,0.44,0.5,0.14,0.13,0.11,0.04,0,0,0.01,0,0.01
2017-05,87.83,4.82,4.22,0.24,0.99,0.64,0.42,0.37,0.13,0.16,0.11,0.04,0,0,0.01,0,0.01
2017-06,85.87,5.88,4.44,0.21,1.65,0.66,0.35,0.49,0.1,0.14,0.14,0.03,0,0,0.01,0,0.01
2017-07,82.39,7.25,5.37,0.26,2.2,0.81,0.38,0.89,0.15,0.09,0.13,0.04,0.01,0,0.01,0,0.02
2017-08,81.8,7.55,5.2,0.27,2.62,0.66,0.52,0.89,0.16,0.11,0.14,0.04,0,0,0.01,0,0.02
2017-09,80.31,8.39,6.01,0.29,1.82,0.7,0.83,1.07,0.17,0.16,0.18,0.02,0,0,0.01,0,0.02
2017-10,79.68,9.11,5.75,0.28,1.85,0.69,0.97,1.08,0.19,0.15,0.21,0.01,0,0,0.02,0,0.02
2017-11,75.54,10.22,6.36,0.31,3.73,0.71,0.84,1.59,0.23,0.13,0.29,0.01,0,0,0.01,0,0.03
2017-12,75.54,10.05,5.74,0.23,4.78,0.63,0.74,1.47,0.44,0.13,0.18,0.01,0,0,0.01,0,0.04
2018-01,75.45,10.31,5.51,0.25,4.91,0.64,0.53,1.7,0.34,0.12,0.14,0.03,0,0,0.01,0,0.05
2018-02,75.6,9.98,5.46,0.25,5.06,0.67,0.48,1.84,0.22,0.22,0.17,0.02,0,0,0.01,0,0.02
2018-03,69.72,12.38,6.09,0.31,7,0.89,0.6,2.23,0.19,0.3,0.25,0.02,0,0,0.02,0,0.02
2018-04,65.73,15.06,6.81,0.3,7.9,0.93,0.67,1.64,0.3,0.36,0.25,0.02,0,0,0.01,0,0.01
2018-05,66.92,13.97,6.78,0.27,7.89,0.85,0.47,1.8,0.43,0.33,0.24,0.02,0,0,0.02,0,0.02
2018-06,63.03,14.23,8.29,0.24,9.66,0.91,0.46,2.16,0.29,0.33,0.27,0.02,0,0,0.01,0,0.09
2018-07,63.71,14.88,8.07,0.14,8.62,0.83,0.36,2.41,0.32,0.26,0.3,0.02,0,0,0.01,0,0.05
2018-08,65.15,13.49,8.49,0.01,8.58,0.79,0.38,2.37,0.18,0.25,0.27,0.02,0,0,0.02,0,0.02
2018-09,66.25,12.84,8.8,0,7.97,0.95,0.36,1.94,0.21,0.4,0.25,0.01,0,0,0.01,0,0.02
2018-10,66.81,12.99,8.57,0.01,7.45,1.07,0.36,1.88,0.27,0.35,0.19,0.02,0,0,0.01,0,0.01
2018-11,69.33,13.05,7.08,0.02,6.14,1.07,0.52,1.94,0.2,0.41,0.2,0.01,0,0,0.01,0,0.02
2018-12,66.33,16.25,8.24,0.01,4.77,0.96,0.77,1.77,0.22,0.38,0.24,0.02,0,0,0.01,0,0.02
2019-01,65.88,16.36,9.1,0.01,3.97,0.72,1.42,1.69,0.28,0.31,0.23,0.01,0,0,0.01,0,0.02
2019-02,68.95,15.15,7.41,0.01,3.76,0.66,1.71,1.56,0.22,0.26,0.25,0.02,0,0,0.03,0,0.01
2019-03,67.46,16.96,7.26,0.01,3.92,0.61,0.83,2.21,0.3,0.24,0.16,0.02,0,0,0.01,0,0.01
2019-04,68.36,16.26,6.72,0.01,4.59,0.62,0.62,2.21,0.34,0.02,0.18,0.02,0,0,0.03,0,0.02
2019-05,70.42,13.01,6.25,0,4.33,0.57,3.08,1.81,0.31,0,0.17,0.02,0,0,0.01,0,0.01
2019-06,73.91,13.16,6.18,0,3.81,0.57,0.23,1.43,0.5,0.01,0.15,0.02,0,0,0.01,0,0.01
2019-07,72.16,14.46,6.06,0,3.86,0.6,0.25,1.75,0.66,0,0.16,0.01,0,0,0.01,0,0.01
2019-08,71.75,15.5,6.07,0,3.65,0.6,0.3,1.58,0.36,0,0.15,0.02,0,0,0.01,0,0.01
2019-09,72.94,13.18,6.56,0,3.67,0.5,0.23,2.42,0.28,0.01,0.18,0.01,0,0,0.02,0,0
2019-10,67.73,11.08,10.57,0,3.71,0.45,0.27,5.74,0.24,0.01,0.16,0.01,0,0,0.02,0,0.01
2019-11,66.01,11.63,11.49,0,3.28,0.41,0.25,6.5,0.22,0.03,0.14,0.01,0,0,0.01,0,0.01
2019-12,64.22,10.97,12.96,0,3.79,0.37,0.27,7.05,0.2,0.03,0.1,0.01,0,0,0.01,0,0
2020-01,61.3,11.45,14.51,0,3.33,0.39,0.29,8.4,0.15,0.02,0.12,0.01,0,0,0.01,0,0.01
2020-02,62.11,10.7,14.44,0,2.91,0.37,0.27,8.9,0.15,0,0.12,0.01,0,0,0.01,0,0
2020-03,64.99,8.31,14.29,0,3.1,0.28,0.23,8.54,0.12,0,0.12,0.01,0,0,0.01,0,0
2020-04,60.15,10.46,15.48,0,4.2,0.36,0.35,8.73,0.12,0,0.12,0.01,0,0,0.01,0,0.01
2020-05,72.02,13.49,6.2,0,5.58,0.5,0.39,1.48,0.14,0,0.16,0.02,0,0,0.02,0,0.01
2020-06,74,12.11,6.5,0,4.99,0.53,0.37,1.2,0.1,0,0.18,0.01,0,0,0.01,0,0
2020-07,74.17,11.68,6.78,0,4.86,0.44,0.37,1.35,0.1,0,0.2,0.01,0,0,0.02,0,0
2020-08,75.15,11.51,6.41,0,3.62,0.45,0.31,1.42,0.87,0,0.23,0.01,0,0,0.01,0,0
2020-09,74.59,11.58,6.88,0,3.99,0.54,0.34,1.58,0.23,0,0.23,0.01,0,0,0.02,0,0
2020-10,71.85,12.31,8.65,0,4.47,0.43,0.36,1.53,0.13,0,0.25,0.01,0,0,0.02,0,0
2020-11,68.72,12.11,11.68,0,4.22,0.41,0.38,2.01,0.13,0,0.3,0.02,0,0,0.02,0,0
2020-12,68.39,13.61,10.25,0,4.27,0.33,0.44,2.25,0.11,0,0.29,0.02,0,0,0.03,0,0
